version https://git-lfs.github.com/spec/v1
oid sha256:d483141e446d634b99ae1a04b0ce018d58726395b7906f5e83d4bfdb4cda8324
size 1539
