version https://git-lfs.github.com/spec/v1
oid sha256:efc6e9076ea6baa19f0d1d0e622db24d13069d623a39aa6d4ec5032c4b352dcf
size 253
