version https://git-lfs.github.com/spec/v1
oid sha256:83f7727db1506df08df8e008b43c778b829667264964b8084f1c350af19c435c
size 1803
