version https://git-lfs.github.com/spec/v1
oid sha256:e2da3ab02d2f5eb3323b2698ff32e5f10ebd21d5a9a94e30968406f35a5269c3
size 2586
