version https://git-lfs.github.com/spec/v1
oid sha256:565858e968ae300ac4d26bb1f09efa2da7ae60208831f7a683908ee5ecfd40c5
size 2885
