version https://git-lfs.github.com/spec/v1
oid sha256:e14e85e04b8e51f8676ae1e1dded3986e6d12e13d569e65272085f8e59df44c4
size 1120122
